PRI: 0.0005345716926237736
RGDEC: 1
SWL: 0.00025700203503091116
TXPL: 4.5451248822135946e-05
TXPRR: 1927378686406.996
TXPSF: -43801344.99740284
az_freq_vals: [-935.32823922 -935.29491201 -935.2615848  ...  935.22825758  935.2615848
  935.29491201]
az_sample_freq: 1870.6564784450536
az_sample_period: 0.0005345716926237736